2.000000000000000111e-01
5.633106096905973192e-01
5.172921574335251904e-01
4.960039591147144544e-01
4.974489324531041756e-01
4.980673168474122336e-01
4.977988087408458662e-01
4.982082518170459218e-01
4.973618094774967524e-01
4.992118837499081585e-01
4.994706389344974462e-01
4.996588129799289235e-01
4.971773856527609836e-01
4.973745992153899564e-01
4.974240387379297301e-01
4.976627975420941929e-01
4.984933619818822659e-01
4.985485043007427675e-01
4.985038080248273551e-01
4.985018711341252517e-01
4.985275759135076590e-01
4.985337444547049413e-01
4.985994797967630565e-01
4.986412534459937484e-01
4.987269075421851272e-01
4.986975926968482686e-01
4.987154125088233414e-01
4.988392890581557770e-01
4.989404491874410708e-01
4.989696590104629181e-01
4.989745622104608258e-01
4.989975082718646204e-01
4.990409667800500548e-01
4.990985175795187301e-01
4.991945147049296483e-01
4.992364617800244542e-01
4.992434384508946943e-01
4.992217378087068780e-01
4.992649950679312609e-01
4.992765192125646068e-01
4.992717135183435961e-01
4.991399863058780251e-01
4.991384594613825221e-01
4.993481757496361362e-01
4.993722645759214318e-01
4.993723824444656900e-01
4.993643787648235355e-01
4.993814128014313902e-01
4.996334485524198676e-01
4.996343334356704302e-01
4.996410558093811183e-01
4.996303555889126669e-01
4.996363291904126203e-01
4.996564524153934150e-01
4.996504502313647844e-01
4.996868285445618119e-01
4.996915156829863092e-01
4.997009498624733759e-01
4.996942225152039008e-01
4.997007115504381591e-01
4.996939875926210139e-01
4.997520181615396351e-01
4.997536006040241285e-01
4.997364470616412202e-01
4.997326908437620396e-01
4.997764900331690963e-01
4.996549968024779353e-01
4.996926656496749053e-01
4.997166863629438627e-01
4.997442456357258367e-01
4.997680029411499802e-01
4.997744581040089451e-01
4.997718350835678724e-01
4.997712197247163313e-01
4.997778919056142799e-01
4.997757742245153012e-01
4.997715828614293643e-01
4.997487926007802561e-01
4.997558589393080175e-01
4.997426063058983958e-01
4.997422929490951682e-01
4.997605060890340511e-01
4.997617886117878272e-01
4.998214514723901547e-01
4.998226447723653765e-01
4.997665586198309917e-01
4.997703919854786792e-01
4.998038669384112231e-01
4.998374724317747320e-01
4.998614499385599097e-01
4.998691251133514091e-01
4.998627068094751436e-01
4.997849949679353254e-01
4.997751156554350316e-01
4.997755492622747431e-01
4.997959440778615425e-01
4.998067927641794972e-01
4.998033883831827229e-01
4.998087247736802685e-01
4.997383123750276379e-01
