5.500000000000000444e-01
5.400000002357001616e-01
5.339241485863891468e-01
5.294070543477704671e-01
5.257316759970875886e-01
5.225822924372772738e-01
5.197914554205248505e-01
5.172595688942537295e-01
5.149225612473308233e-01
5.127367861168727892e-01
5.106711851286573900e-01
5.087028843742671391e-01
5.068145636320350311e-01
5.049928069288897037e-01
5.032270221629728812e-01
5.015087117363841163e-01
5.031864582312507439e-01
5.015435863730673960e-01
4.999308623668102247e-01
4.983443223570268032e-01
4.967806130867068459e-01
4.983243415891030481e-01
4.967981544433126562e-01
4.952874027318966976e-01
4.967845313639917548e-01
4.952994496420999870e-01
4.938250485409744761e-01
4.952898062625081810e-01
4.938332945151230891e-01
4.923842820275250443e-01
4.938266099923500629e-01
4.952629705824360684e-01
4.966940014223492073e-01
4.981202619520171404e-01
4.995422497135818540e-01
4.981240960578969812e-01
4.967093760249116086e-01
4.952977512673911176e-01
4.967066064463709352e-01
4.981129279698338630e-01
4.995170173834242444e-01
4.981149557533139371e-01
4.967147307778601584e-01
4.981132944155776121e-01
4.967162393583730018e-01
4.981119258718385012e-01
4.995063653678475379e-01
4.981130573031464781e-01
4.995053302436737175e-01
5.008966571872196516e-01
5.022871176689219785e-01
5.008974546041953246e-01
4.995085265231435923e-01
4.981202776889869788e-01
4.967326581204515867e-01
4.981196913612831456e-01
4.967332031827602634e-01
4.981191729409059077e-01
4.995046698374570604e-01
4.981196241131787827e-01
4.967350065777029755e-01
4.981192194480507096e-01
4.967353959950290831e-01
4.953519409751380720e-01
4.939688393783396303e-01
4.953515988767938083e-01
4.967340281142618719e-01
4.981161356285680464e-01
4.967343587733522026e-01
4.981158523228648716e-01
4.967346550070044775e-01
4.953537510828588397e-01
4.967343721531168321e-01
4.981147072222190109e-01
4.967346537249515137e-01
4.981144397606720453e-01
4.967349264268682285e-01
4.953556850925624477e-01
4.967346595187749347e-01
4.981133669787252138e-01
4.967349291489469021e-01
4.981131050573350261e-01
4.967352448810709031e-01
4.953575973797067489e-01
4.967349811314733521e-01
4.981121007279863400e-01
4.994889556241712270e-01
5.008655474157245324e-01
4.994892207709394349e-01
5.008652823634704987e-01
5.022410771604602919e-01
5.008655481541806065e-01
4.994903675734721493e-01
4.981153745155699752e-01
4.967406489713483975e-01
4.981151033358792168e-01
4.994892896283183448e-01
4.981153734061364302e-01
4.994890126347522608e-01
5.008623833984774398e-01
4.994892842875084948e-01
5.008621053430185599e-01
4.994895550589936728e-01
5.008618303465973698e-01
4.994898313193308903e-01
4.981181098849050137e-01
4.967466691327898087e-01
4.953755079034201092e-01
4.967463917508694871e-01
4.981169947835633049e-01
4.994871263295059816e-01
4.981170888324895074e-01
4.967473312975299593e-01
4.981167986400250047e-01
4.994859842442023190e-01
4.981170926153797307e-01
4.994857114433032264e-01
4.981173791778349957e-01
4.967493340160011317e-01
4.953815908322870554e-01
4.967490548040272014e-01
4.981162353363814410e-01
4.967493460082293422e-01
4.981159468320009442e-01
4.967496371780885656e-01
4.981156536642639132e-01
4.994813799241704655e-01
4.981159458595844636e-01
4.994810546758947090e-01
4.981162065314231890e-01
4.994807537326916291e-01
4.981164935766593804e-01
4.967525432350272108e-01
4.981162154154175625e-01
4.967528486583991376e-01
4.953897720299028640e-01
4.967525552722368842e-01
4.981150416513795420e-01
4.994772305958251613e-01
4.981153416181434146e-01
4.967537512681869938e-01
4.953924616615907328e-01
4.940314738312573395e-01
4.953921717804615765e-01
4.967525681538363935e-01
4.981126652438680469e-01
4.994724636570695986e-01
4.981129681605098725e-01
4.994720816391615692e-01
5.008309782798836540e-01
4.994723836646279280e-01
5.008306560652202588e-01
4.994726651500036030e-01
4.981149760681455874e-01
4.994722731430240592e-01
4.981151879200720334e-01
4.967584070654902373e-01
4.954019480197153213e-01
4.967581244174102406e-01
4.954022534899941710e-01
4.967577819470843092e-01
4.954025176948451681e-01
4.967574771595418825e-01
4.954028248859433936e-01
4.940484732407796620e-01
4.954025062612709696e-01
4.967562501738085889e-01
4.954028222703326656e-01
4.967559549860866563e-01
4.954031264322637518e-01
4.940506046780951954e-01
4.954028193932366042e-01
4.967547298786403331e-01
4.981063240030122463e-01
4.967550262298771058e-01
4.981060189024400509e-01
4.967553320948764894e-01
4.981056923525957747e-01
4.994557677448147603e-01
4.981060019892954438e-01
4.967565419492850354e-01
4.981056973201144489e-01
4.967568502503191818e-01
4.981053910067536616e-01
4.967571670230506720e-01
4.954092435246787440e-01
4.967568631557425785e-01
4.981041656641460036e-01
4.967571683042658059e-01
4.981038656207739668e-01
4.967574787040770490e-01
4.954114786207999277e-01
4.967572540188279762e-01
4.981027210884589329e-01
4.967575627864326826e-01
4.981024110948815697e-01
4.994469542981214705e-01
5.007911903479538296e-01
4.994473152066950528e-01
4.981036997350066220e-01
4.967603878017000651e-01
4.981033916859775590e-01
4.967606991091214619e-01
4.954183207373810127e-01
4.967603996884735196e-01
4.981021679325234874e-01
4.994436288208443098e-01
4.981024742830703067e-01
4.967616302598210631e-01
4.981021676664166287e-01
4.967619413081019175e-01
4.981017904366679128e-01
4.994414025119076617e-01
4.981021024147656018e-01
4.994410935378115757e-01
4.981024081243434209e-01
4.994407821701846717e-01
4.981027126028075291e-01
4.967649904425269769e-01
4.981024410281296166e-01
4.994395416027075929e-01
5.007763732002381563e-01
4.994398459399805312e-01
5.007760531075364785e-01
4.994401469260633109e-01
4.981045499169990953e-01
4.994398258193421536e-01
4.981048416251603883e-01
4.967701748647778692e-01
4.981045419819969400e-01
4.994385995240723797e-01
4.981048484212976524e-01
4.967714049294538747e-01
4.981045411653622912e-01
4.967717201480471578e-01
4.981042394413304764e-01
4.994364479515165933e-01
4.981045470149585430e-01
4.967729723468966019e-01
4.981042594936280765e-01
4.994352352075767665e-01
5.007659052301138836e-01
4.994355437922743945e-01
4.981054911355403125e-01
4.994352354547134665e-01
5.007646721398494316e-01
4.994355514697641496e-01
4.981067701650070401e-01
4.967782769459525016e-01
4.954500710644841877e-01
4.967779651960755882e-01
4.981055535730491424e-01
4.994328370391376559e-01
4.981058629161420059e-01
4.967792044565499943e-01
4.981055648370729672e-01
4.994315869016044962e-01
4.981058410484686116e-01
4.967804040647598174e-01
4.981051282025913962e-01
4.967803037787623666e-01
4.954558938163167725e-01
4.967801030561633802e-01
4.981040041320207723e-01
4.967804103575937380e-01
4.981036983977566446e-01
4.967807184120501818e-01
4.954580473535540319e-01
4.941356819395892330e-01
4.928136212755061529e-01
4.914919115113833836e-01
4.928133598404536020e-01
4.941345012160462957e-01
4.954553353574059349e-01
4.941348274791528827e-01
4.954550395994447576e-01
4.967749536145215083e-01
4.954553453542171471e-01
4.967746470241330425e-01
4.980936426719374532e-01
4.967749538554020461e-01
4.980933341821784932e-01
4.994114114997585951e-01
5.007291701124030325e-01
4.994117031943464680e-01
4.980945455195222027e-01
4.967776925799786136e-01
4.954611431124443799e-01
4.967773851089655190e-01
4.980933214687490729e-01
4.967776974749083529e-01
4.954623737553123797e-01
4.941473551202859027e-01
4.928326628123665953e-01
4.941470742799682347e-01
4.954611774269598867e-01
4.967749787334003186e-01
4.980884750259984561e-01
4.967752944692225836e-01
4.954624088172856489e-01
4.967749914245759291e-01
4.954627167414965561e-01
4.941507468519512614e-01
4.954624168231214765e-01
4.967737788178910874e-01
4.980848379691933392e-01
4.967741339610863838e-01
4.980845847262430071e-01
4.967744412280906685e-01
4.980842841751633721e-01
4.967747449278002714e-01
4.980839813964070273e-01
4.993928767646843014e-01
4.980842506833146888e-01
4.993925770354858962e-01
4.980845575477387821e-01
4.967768410251400812e-01
4.980842567896537898e-01
4.967771485524796193e-01
4.980839540653743125e-01
4.993904563604192326e-01
4.980842566066884802e-01
4.993901504332890484e-01
5.006957442954269588e-01
4.993904505139084571e-01
4.980854594195931462e-01
4.993901455531485900e-01
4.980857776704041284e-01
4.993898615970010502e-01
4.980860790440330144e-01
4.993895361715389170e-01
4.980863621573263234e-01
4.993892386293720120e-01
4.980866680252990508e-01
4.967843980864753983e-01
4.954824348370083786e-01
4.967841024910676917e-01
4.954827791750903709e-01
4.941817144729064304e-01
4.954824792423984658e-01
4.941820223613644925e-01
4.954821833343545645e-01
4.967820439910728969e-01
4.980815862059934651e-01
4.993808432153544197e-01
4.980818882007952975e-01
4.993804790484401845e-01
4.980821220072809141e-01
4.967840709529789955e-01
4.954863175777173279e-01
4.941888665097664002e-01
4.954860189034339113e-01
4.967828091299518745e-01
4.980793627332485429e-01
4.993756148741710921e-01
4.980796623802390410e-01
4.993753153892730445e-01
4.980799610415898027e-01
4.967849153160051601e-01
4.954901591145089990e-01
4.967845902616819798e-01
4.980787280380837290e-01
4.993725799304793433e-01
4.980790266538359656e-01
4.993722577097791659e-01
4.980793235856385559e-01
4.993719766405683158e-01
4.980796173406414340e-01
4.967875632059413626e-01
4.954958041701280069e-01
4.967872711532739238e-01
4.954961061318580162e-01
4.967869769463177376e-01
4.980775439923817993e-01
4.967872745878502139e-01
4.954972997828743786e-01
4.967869676671333168e-01
4.954975958859537677e-01
4.967866780162856211e-01
4.980754607172735993e-01
4.993639342103325940e-01
4.980757440512264544e-01
4.967878606819970400e-01
4.980754565109818399e-01
4.993627496666580012e-01
4.980757483680283149e-01
4.967890461516361045e-01
4.955026437781590021e-01
4.967887521785666616e-01
4.980745534426735954e-01
4.967890410520615085e-01
4.955038260090365854e-01
4.967887419740505406e-01
4.955041692980211576e-01
4.942198467570557141e-01
4.955038765504143905e-01
4.942201392151563955e-01
4.955035815731083648e-01
4.967867292571911397e-01
4.980695756536214214e-01
4.967870237088209406e-01
4.980692821061641906e-01
4.967873177602735169e-01
4.955056464773854863e-01
4.942244343195664746e-01
4.955055121874242796e-01
4.967862976297522382e-01
4.980667897523395893e-01
4.993469768217452254e-01
4.980670763879708751e-01
4.967874952055315041e-01
4.980668086489594137e-01
4.993458289087968627e-01
4.980671067080181258e-01
4.993454876064503667e-01
5.006235467950663764e-01
4.993457033108760768e-01
4.980681617261588645e-01
4.967909081847763364e-01
4.980672737547842677e-01
4.967906188457959504e-01
4.980669944641820113e-01
4.967909119267178708e-01
4.980666984099672012e-01
4.967912251227081799e-01
4.980664209860431457e-01
4.993413284739749991e-01
4.980667124926581035e-01
4.967923929573563879e-01
4.955183662786309950e-01
4.967920682709296432e-01
4.980654996043772376e-01
4.993386545585347114e-01
5.006115159634999534e-01
4.993389481473875513e-01
5.006112278176405583e-01
4.993392414009077962e-01
4.980675488158437525e-01
4.993389523363360727e-01
5.006099473047782578e-01
4.993391290032004326e-01
4.980685995246911246e-01
4.993388320857619078e-01
5.006087785746931029e-01
4.993391383732337374e-01
5.006085000086364367e-01
4.993394238582693490e-01
4.980706392917888525e-01
4.968021501882462498e-01
4.980703536273355381e-01
4.968024439043598472e-01
4.980700542577881640e-01
4.993373837319209918e-01
4.980703408829780798e-01
4.968035887229845238e-01
4.955371342913155730e-01
4.942709618130060045e-01
4.955368461871583752e-01
4.968024399304113436e-01
4.980677097903917772e-01
4.968026963560659981e-01
4.955379756933638857e-01
4.968024101250700930e-01
4.955382862069889205e-01
4.968021428072046386e-01
4.955385740950147833e-01
4.942752957873415287e-01
4.955382878654850942e-01
4.968009927667402237e-01
4.980634078124586139e-01
4.993255239609688534e-01
4.980637187030224622e-01
4.993252639651899472e-01
4.980640025271975135e-01
4.968030327785076250e-01
4.955423482940833901e-01
4.968027496461177028e-01
4.980628620342948398e-01
4.968030386666150156e-01
4.980625775497926067e-01
4.993217714982045585e-01
4.980628088116321739e-01
4.968041401892793751e-01
4.980625196785692377e-01
4.968044230025303043e-01
4.980622397712249905e-01
4.993193643121823788e-01
4.980621370651333590e-01
4.968051822447172028e-01
4.980618491676375714e-01
4.968054654109587132e-01
4.955493698887621368e-01
4.968051674853464217e-01
4.955498054750274717e-01
4.968050435103851248e-01
4.955500943776090517e-01
4.968047620383820862e-01
4.955504111160358161e-01
4.968045117632916563e-01
4.955507135502021376e-01
4.942971877640637279e-01
4.955504333915771720e-01
4.968033927506627645e-01
4.955507461841738293e-01
4.968031370249212930e-01
4.980552438551552052e-01
4.968034410326582773e-01
4.980549794909742145e-01
4.993062320858216441e-01
4.980552628802472070e-01
4.968045785029888139e-01
4.955541885282482850e-01
4.943040794302269725e-01
4.955539123759949427e-01
4.968034602171207958e-01
4.980527202165542788e-01
4.993017037428444382e-01
4.980530048883242689e-01
4.993013794407279438e-01
4.980532594117791367e-01
4.968054093233733037e-01
4.980529763273618404e-01
4.993002537162540833e-01
4.980532574250524647e-01
4.968065397442423259e-01
4.955601013509040587e-01
4.943139678635978806e-01
4.930680933637815455e-01
4.918225009204405529e-01
4.930678102025258802e-01
4.943128358658976373e-01
4.955575753644861359e-01
4.968020378219183963e-01
4.980462212282969481e-01
4.968023374826452399e-01
4.980459576911557273e-01
4.968026191740999575e-01
4.955595820375345850e-01
4.943168071106011641e-01
4.955593032786390628e-01
4.968015189365292961e-01
4.980434103989331840e-01
4.968017700878216703e-01
4.980431403456790362e-01
4.992842195414638473e-01
5.005250235790738023e-01
4.992844921164611427e-01
4.980442418829744700e-01
4.968042740071691443e-01
4.980439623176782238e-01
4.968045501957498722e-01
4.955654177197356680e-01
4.968042674616352516e-01
4.980428280577438582e-01
4.992811224840871254e-01
4.980431112408190142e-01
4.992808198699731359e-01
4.980433623974579449e-01
4.968061836267803622e-01
4.955692910783301430e-01
4.943326701567324899e-01
4.930963284595493712e-01
4.943323944794943414e-01
4.955681807967997066e-01
4.943327405315591783e-01
4.955679712729011421e-01
4.968029085631873731e-01
4.955682365489596508e-01
4.943338457399215624e-01
4.955679465292151531e-01
4.968017878271434595e-01
4.980353334399056364e-01
4.992686158552480657e-01
4.980356065496003848e-01
4.992683216666544133e-01
5.005007616358088107e-01
4.992685857879965439e-01
4.980366899719084195e-01
4.992681783453472022e-01
4.980368335869516661e-01
4.968057658467437965e-01
4.980365589259551640e-01
4.968060398154836022e-01
4.955758065094078013e-01
4.968057725178403605e-01
4.980354617574233034e-01
4.968060528762459072e-01
4.955769196274114052e-01
4.968057827355923384e-01
4.980343601781364593e-01
4.968060795285389464e-01
4.955780534816335847e-01
4.943503071383747449e-01
4.931228300974616618e-01
4.943500397173717364e-01
4.955769666195758427e-01
4.968036192878753643e-01
4.980300044025702810e-01
4.968038958732005628e-01
4.955780640267428705e-01
4.943525059814564138e-01
4.955777952785047069e-01
4.968027999699964337e-01
4.980275213913665788e-01
4.992519852147353498e-01
5.004761731440999784e-01
4.992522565645759469e-01
5.004759022141891389e-01
4.992525367468428898e-01
4.980294386606850532e-01
4.968066229270211021e-01
4.980291729520489596e-01
4.968068985031577900e-01
4.980289018223187925e-01
4.968071760778607349e-01
4.955857244249233240e-01
4.968069061534316488e-01
4.955859966056744281e-01
4.968066374079368464e-01
4.980269912348386785e-01
4.968069086544308899e-01
4.980267291909419858e-01
4.992462651084315639e-01
5.004655255795281699e-01
4.992465180122237500e-01
4.980277859201053259e-01
4.992462453802094524e-01
4.980280587401184067e-01
4.968118903456961721e-01
4.980295404115388513e-01
4.968121752719943385e-01
4.980292834517269784e-01
4.968124505623398579e-01
4.955959033408448566e-01
4.943796437066585447e-01
4.955956621462462852e-01
4.968114174700392627e-01
4.980268999817953901e-01
4.992421093420276734e-01
4.980271720851859873e-01
4.968125370141395769e-01
4.980264807843445274e-01
4.992406057291626231e-01
4.980267434186306796e-01
4.992403332171462260e-01
4.980270180462925134e-01
4.968139658500004829e-01
4.980267397293110521e-01
4.992392553978470815e-01
4.980270134693515205e-01
4.968150377088589864e-01
4.980267434863852039e-01
4.968153047763516073e-01
4.956041360981472965e-01
4.968150042752787487e-01
4.980256347089050961e-01
4.992359976094977725e-01
4.980259193288591457e-01
4.968161104750289936e-01
4.956065545285685547e-01
4.968158442321936041e-01
4.980248443317153995e-01
4.992335902720006491e-01
4.980251049271581243e-01
4.968168910896147428e-01
4.956089720064652537e-01
4.968166576518010524e-01
4.980240752250025271e-01
4.968169266961029451e-01
4.956100509475255267e-01
4.968166675087561934e-01
4.980230015981959579e-01
4.968169202525773986e-01
4.980227137108552693e-01
4.992282587503911184e-01
4.980229789550120190e-01
4.968179688218051782e-01
4.980227183663987756e-01
4.968182355459460076e-01
4.980224508732634114e-01
4.968185037319123865e-01
4.980221712702534442e-01
4.968187579965470113e-01
4.956156134829660664e-01
4.968185013198561095e-01
4.956158783651289368e-01
4.944135235236370440e-01
4.956155963706486145e-01
4.944137905782096665e-01
4.956153507707448669e-01
4.944140763490061374e-01
4.956151084322192313e-01
4.968158755839878760e-01
4.956153886730145786e-01
4.944151792764582831e-01
4.932169091459454591e-01
4.944166185647875245e-01
4.932171739454268566e-01
4.944163537403202802e-01
4.956152715338394410e-01
4.968139244989945857e-01
4.980123135999349748e-01
4.968141870600223942e-01
4.956163276437767218e-01
4.968139244829153922e-01
4.980112351539959792e-01
4.968141656272229700e-01
4.980109637514118504e-01
4.968145164558192550e-01
4.956182402469502812e-01
4.968142583513312505e-01
4.980100149749990268e-01
4.992055080630676267e-01
5.004007296452485098e-01
4.992057637699199302e-01
4.980110571043533940e-01
4.992054974879427398e-01
5.003996710891993605e-01
4.992057522441518125e-01
4.980120955837650798e-01
4.992054901430871827e-01
4.980123685878057871e-01
4.992052409062645024e-01
4.980126298455272438e-01
4.992049731979807947e-01
5.003970566081411553e-01
4.992052314561363224e-01
5.003967877145333309e-01
4.992054843459561853e-01
4.980144424219962174e-01
4.992052218589852486e-01
4.980147206244622815e-01
4.992049784392980638e-01
5.003949766546020861e-01
4.992052375532583519e-01
4.980157601245665533e-01
4.992049526321368780e-01
5.003939113620761159e-01
4.992052114683896979e-01
4.980167733851413869e-01
4.968285935901948225e-01
4.956406731213593986e-01
4.944530150447135619e-01
4.956404157439313063e-01
4.944532746711120530e-01
4.932663944847177073e-01
4.944530177258412151e-01
4.956393814738026538e-01
4.968254853598244036e-01
4.980113311864055592e-01
4.968257508741158457e-01
4.956404356023609292e-01
4.968254954852555638e-01
4.980103081666680254e-01
4.991948610337225700e-01
4.980105677809004150e-01
4.968265352280151759e-01
4.980103139936342682e-01
4.968267978291759923e-01
4.980100555338698998e-01
4.991930505706526633e-01
4.980103043452561717e-01
4.968278162941325848e-01
4.956455945572648680e-01
4.968275703772276897e-01
4.980092834452036765e-01
4.991907418681815756e-01
4.980095451728059897e-01
4.968287023686381865e-01
4.956480150607856516e-01
4.968284476691799401e-01
4.956482770973654750e-01
4.944683596320617602e-01
4.956480201828922794e-01
4.968274254954443969e-01
4.980065741374980481e-01
4.968276842702136764e-01
4.956490499778236636e-01
4.944706811544127278e-01
4.932925634498822598e-01
4.944704337495776647e-01
4.932928289975247460e-01
4.944701822077330888e-01
4.956472851638404897e-01
4.968241335630089184e-01
4.980007255286000301e-01
4.991770610828374366e-01
4.980009773763046099e-01
4.968251528716981502e-01
4.980007053145781848e-01
4.968253875427375843e-01
4.980004520219785680e-01
4.968256462600423862e-01
4.956510953368863936e-01
4.944768208046801949e-01
4.956508649264394495e-01
4.968246577055596136e-01
4.979981933336375954e-01
4.991714661008324061e-01
5.003444282985113345e-01
4.991716794378223687e-01
4.979991609693065202e-01
4.991714284227632970e-01
4.979994171368009592e-01
4.991711804652893547e-01
5.003426894151707938e-01
4.991714358669754326e-01
4.980004398738028804e-01
4.968296905784776452e-01
4.980001830144859531e-01
4.991704280198692723e-01
4.980004449016867674e-01
4.991701478863457275e-01
5.003396311437502408e-01
4.991703957940366587e-01
4.980014163953945250e-01
4.991701406829124332e-01
4.980017482543852569e-01
4.968335226076114330e-01
4.956655517031914870e-01
4.944978317884168861e-01
4.956653031830309808e-01
4.944980894592027054e-01
4.956650567441328592e-01
4.944983448149727345e-01
4.956648091233948894e-01
4.968310232853662689e-01
4.979969790495918369e-01
4.968312694691956466e-01
4.956662787536602055e-01
4.945010764952775251e-01
4.956660362681423182e-01
4.968307419227327437e-01
4.979951885292379643e-01
4.968310024318731699e-01
4.956670540335683661e-01
4.968307592927602712e-01
4.979942131309408326e-01
4.991574149767286084e-01
5.003202750468566107e-01
4.991575734789668317e-01
5.003199896426082649e-01
4.991577835285306852e-01
4.979958264340230700e-01
4.968341270389071140e-01
4.956726691437390309e-01
4.968338788729276811e-01
4.979948003482994601e-01
4.968340881978544066e-01
4.956736261991191439e-01
4.968338393137164966e-01
4.979937821000415266e-01
4.991512102294336506e-01
4.979917418994446732e-01
4.991509391219128289e-01
4.979919785035887836e-01
4.968332545505797504e-01
4.979917306535222021e-01
4.968335109119143000e-01
4.979914899671873951e-01
4.968337591806176734e-01
4.956762764770056284e-01
4.945190461706212570e-01
4.956760292033145499e-01
4.968327707053301623e-01
4.979892637864165028e-01
4.991455090270647266e-01
4.979895089260151231e-01
4.968337556666712063e-01
4.979892629638145718e-01
4.968340047361003431e-01
4.956789969902088977e-01
4.968337569113608354e-01
4.979882699250537947e-01
4.991425421847461297e-01
4.979885157701998133e-01
4.968347417864114046e-01
4.956812223748278678e-01
4.945279364266365052e-01
4.956809763562731175e-01
4.968337666302927169e-01
4.979863167450987449e-01
4.991386125467262014e-01
5.002904735224081856e-01
5.014422889755624224e-01
5.002907197468127176e-01
5.014420375338849434e-01
5.002909603072442923e-01
4.991401331039526656e-01
5.002907090115159550e-01
4.991403817291674705e-01
5.002904565347879862e-01
5.014403109732189501e-01
5.002907031584609143e-01
4.991413473960369385e-01
4.979922294149620177e-01
4.991411035624108150e-01
4.979924736438779420e-01
4.968441427139701494e-01
4.979922861404180723e-01
4.991401763781591061e-01
4.979925218527330721e-01
4.991399236210247725e-01
4.979927558128023346e-01
4.991395727395486759e-01
5.002860242460274165e-01
4.991395891645908911e-01
4.979933985285321940e-01
4.968474485704867383e-01
4.979931560538892743e-01
4.968477061351372903e-01
4.979929269506070955e-01
4.968479567880975667e-01
4.957032222692831502e-01
4.968477120658492674e-01
4.979919226919183872e-01
4.968479137538868162e-01
4.979916810968040841e-01
4.968481669610564921e-01
4.979914351970035069e-01
4.968483941265931514e-01
4.979911863260224059e-01
4.991336633295963554e-01
4.979913503417007226e-01
4.968493501096461484e-01
4.957075190868354131e-01
4.968491035336591866e-01
4.957077564516972901e-01
4.968488552436933769e-01
4.957080115295834366e-01
4.968486363490917102e-01
4.979890218514209099e-01
4.968488819684645508e-01
4.957089849160954409e-01
4.968486423983254352e-01
4.957092375683379570e-01
4.968484169234670400e-01
4.979873323227956838e-01
4.968487251881889555e-01
4.957102744557880802e-01
4.945720594918813773e-01
4.957100203469829158e-01
4.968477578361339408e-01
4.979852590707950499e-01
4.968479994606966876e-01
4.979850211111029878e-01
4.991218004366985150e-01
4.979852617615118660e-01
4.991215641766510447e-01
4.979855051856004189e-01
4.968496849571625296e-01
4.979852711974391277e-01
4.968499378475428330e-01
4.979850226468195973e-01
4.968501652441359440e-01
4.957155366578777644e-01
4.945811465652013017e-01
4.957152976406234424e-01
4.945813856274529074e-01
4.957150331245732677e-01
4.945815968080872760e-01
4.957147960652043550e-01
4.968477560407433824e-01
4.957150516773274895e-01
4.968475352343189599e-01
4.957152984683285690e-01
4.968473088740525401e-01
4.979790807721485302e-01
4.968475455440282129e-01
4.979788387078280532e-01
4.968477851561943770e-01
4.957169640075160810e-01
4.945863908537947440e-01
4.957167265560657454e-01
4.968468390123286227e-01
4.979767137766162310e-01
4.968470852654413572e-01
4.979764551234024395e-01
4.991056113341520439e-01
5.002345243899836147e-01
4.991058547096737796e-01
5.002343110414699812e-01
4.991060917445652168e-01
5.002340655803105829e-01
4.991063222589432469e-01
4.979788120235009719e-01
4.968515404672023128e-01
4.979785700574131391e-01
4.968517726796543021e-01
4.957252042501505418e-01
4.945990478216197861e-01
4.957251460708394508e-01
4.945992920192625042e-01
4.957249138350691697e-01
4.968503055230119037e-01
4.979754512904739916e-01
4.968505311519311740e-01
4.979752195319738783e-01
4.990996706869377797e-01
4.979754727252670987e-01
