alpha: 


5.389574856226325705e-01
5.402130139269571973e-01
5.414682558856621641e-01
5.402132979062465035e-01
5.389586281457107164e-01
5.377042440032244741e-01
5.389583323335981335e-01
5.402121478852546232e-01


energies:



3.041932554090802210e+00
3.188470865185739633e+00
2.500000013540554345e+08
3.184647180608186190e+00
3.070652883029575175e+00
2.886582562221875481e+00
3.142974392775258696e+00
3.164255023794094512e+00


cycles:



4.920000000000000000e+02
4.930000000000000000e+02
4.940000000000000000e+02
4.950000000000000000e+02
4.960000000000000000e+02
4.970000000000000000e+02
4.980000000000000000e+02
4.990000000000000000e+02
