5.690750385350002105e+00
6.237914288614697433e+00
6.035442026595061904e+00
6.043589491071172937e+00
6.023393401275844994e+00
6.025947660672648531e+00
6.032630271033026403e+00
6.013767774760711227e+00
6.067535104415049396e+00
6.062180611284075482e+00
6.039408005973736948e+00
6.032801630142111904e+00
6.012840284615224462e+00
6.038048912877989061e+00
6.026199733755807308e+00
6.057907508401719099e+00
5.979504469858340165e+00
6.041921248772080588e+00
6.052746635123471997e+00
6.034428943677717427e+00
6.051200857371881625e+00
6.001501464506178607e+00
6.055500777254336775e+00
6.060523159206793409e+00
6.035344234568031041e+00
6.028133531115301480e+00
6.042864542324744015e+00
6.068664163715133952e+00
6.058174207285517809e+00
6.040397631428175096e+00
6.054125147348075053e+00
6.047154402497044501e+00
6.065764343078224208e+00
6.058810819316573060e+00
6.054678194725783946e+00
6.050511502973160205e+00
6.036383609531838168e+00
6.015506188152028422e+00
6.057852145464632798e+00
6.025866022651236165e+00
6.040307280699440007e+00
6.056607951423635505e+00
6.025376379637373603e+00
6.058747388152693425e+00
6.064609372490831873e+00
6.002244433455311778e+00
6.059190112947923978e+00
5.896075215042019479e+00
6.058622613870859652e+00
6.044434713890427524e+00
6.029023636757435689e+00
6.056286989868499226e+00
6.041794005603917661e+00
6.059714546913564703e+00
6.028877904131129561e+00
6.049406605165519757e+00
6.047364738311620691e+00
6.052305213173324816e+00
6.056150562978496410e+00
6.057578812257814249e+00
6.048420320743330691e+00
6.055661069295569021e+00
6.048745759601362515e+00
6.014686090022471454e+00
6.047224346691422170e+00
6.043877402251037090e+00
6.048472965047385408e+00
6.052544958171495182e+00
6.046807190254778419e+00
6.052943519230991498e+00
6.064668061261682119e+00
6.058292430699070863e+00
6.066682094388105462e+00
6.043807279429829649e+00
6.057022530078479683e+00
6.065118902159514214e+00
6.024418197614347825e+00
6.053082234184834931e+00
6.061818031198412449e+00
6.057296764851082926e+00
6.054641763939570431e+00
6.064036047965100984e+00
5.993960744036925803e+00
6.043096444859399341e+00
6.060253549033557618e+00
6.055596879899474594e+00
6.034881048528842662e+00
6.034441098864948394e+00
6.040509809078941750e+00
6.060365628631714685e+00
6.065198548603366824e+00
6.026941660953585078e+00
6.062855877726990528e+00
6.056719436764768538e+00
6.057094395661737352e+00
6.058063725831189572e+00
6.058015069060538771e+00
6.058032847911358765e+00
5.980501192250667231e+00
6.000177278518615154e+00
