3.261456741860383257e+00
3.209328438980997955e+00
3.154271619063130139e+00
3.142033762593928525e+00
3.177817562682321295e+00
3.207896905531940401e+00
3.187647772252789391e+00
3.201653946370098591e+00
3.142344400375264524e+00
3.157358846235859051e+00
3.196545040022523487e+00
3.136513450448247919e+00
3.178664209604197488e+00
3.190093459883191152e+00
3.201355552213179578e+00
3.127223965749484691e+00
3.172810281773555730e+00
3.194297571815130521e+00
3.167669624577521326e+00
3.180788995925086571e+00
3.207412161417024343e+00
3.162920213635969979e+00
3.137342475629359306e+00
3.147069008377123112e+00
3.183825575214749737e+00
3.179097461760372223e+00
3.177160106366710757e+00
3.107386390266865916e+00
3.174790525363979654e+00
3.194387974897051841e+00
3.185522519104504457e+00
3.154958131067788774e+00
3.174355442266737715e+00
3.177631400015560104e+00
3.166552594078665628e+00
3.174696747340471692e+00
3.183500982693053594e+00
3.116723792143214045e+00
3.175147759881731702e+00
3.190613882795990008e+00
3.174012894293020359e+00
3.170885699932737278e+00
3.177824133731456779e+00
3.171390706324724640e+00
3.179992169570345695e+00
3.166228909452850182e+00
3.183580349125551212e+00
3.194952585289172475e+00
3.147745776787902461e+00
3.110750423213326510e+00
3.171872986856437482e+00
3.150333586102067596e+00
3.190034512279261492e+00
3.159314762594992221e+00
3.156422296281446105e+00
3.174032015404778306e+00
3.166096721301782324e+00
3.181269944696998753e+00
3.196892434517186743e+00
3.145735765976225728e+00
3.199678126999636163e+00
3.184916852375378582e+00
3.181515502865329026e+00
3.013153969986910763e+00
3.186824904042424134e+00
3.166767379734878318e+00
3.179173464145631733e+00
3.158095870980683451e+00
3.157447554678926238e+00
3.191822785979301358e+00
3.181740183241549946e+00
3.155236351562873409e+00
3.180264983182599092e+00
3.183371626389320141e+00
3.169555533767707711e+00
3.177995726273520560e+00
3.153046740561113559e+00
3.163223095008244723e+00
3.173264884858010060e+00
3.188493467309518881e+00
3.189819450318070793e+00
3.176443430482983832e+00
3.169857558480635440e+00
3.209042723178563428e+00
3.177514188658128180e+00
3.150234027346720200e+00
2.965629613332212866e+00
3.174050033362374457e+00
3.082147438534070805e+00
3.148853623950764291e+00
3.148956371139858046e+00
3.204247379075105151e+00
3.173783540077753873e+00
3.181509760488129945e+00
3.204296476504548075e+00
3.167723436519767066e+00
3.162544414316455388e+00
3.155780733416845507e+00
3.196568556306221165e+00
3.187552179673563746e+00
3.158705674320502865e+00
3.165258999104364701e+00
3.123967221797623317e+00
3.108080570240896456e+00
3.107166777609420727e+00
3.187001855951431484e+00
3.177885632088053747e+00
3.156900810185665041e+00
3.141266318004795721e+00
3.160245170555755490e+00
3.169936449597880568e+00
3.136350601239917157e+00
3.094714642824925921e+00
3.184250734681409067e+00
3.181052546023583005e+00
3.167876746990807568e+00
3.154521973417965253e+00
3.170543874403002338e+00
3.184775111255032876e+00
3.187299483641542253e+00
3.184433296927650314e+00
3.156042756654573012e+00
3.170431152680040388e+00
3.188720955172168026e+00
3.177876090028095124e+00
3.178872345676735378e+00
3.160696110750901511e+00
3.161343760328666264e+00
3.194803844420019967e+00
3.199725862562021295e+00
3.181557071426353911e+00
3.160159621794150553e+00
3.126805493542938130e+00
3.194523750916859584e+00
3.192790639471013492e+00
3.201684569983216377e+00
3.180627416395971796e+00
3.182517062918968520e+00
3.202448702250460411e+00
3.188631081560899361e+00
3.199602052195889446e+00
3.178468380874620802e+00
3.214779032620774579e+00
3.186488205621043512e+00
3.141468337743581252e+00
3.170064265894718236e+00
3.191945054214702093e+00
3.163682657480896943e+00
3.153101022414381838e+00
3.183966051085741267e+00
3.197903790710673100e+00
3.157971352634291407e+00
3.175647594343729452e+00
3.186674859146993555e+00
3.191104621329208246e+00
3.185422916025701046e+00
3.186869965256168946e+00
3.115782675007914282e+00
3.162694077531927217e+00
3.166103557347287545e+00
3.180113656171538405e+00
3.168323140466556165e+00
3.138714727189500397e+00
3.179647990418517534e+00
3.172215368649553113e+00
3.171102386971425879e+00
3.158926961006919498e+00
3.163088934237398675e+00
3.104720181891841069e+00
3.194970068550509357e+00
3.179633945944445372e+00
3.173657190697912966e+00
3.173079773961487771e+00
3.187192074419620269e+00
3.198011308259958163e+00
3.175797073361583234e+00
3.145061997619989835e+00
3.188616052267667644e+00
3.173065387424774730e+00
3.191590264764279983e+00
3.185574173987556268e+00
3.166284236133717123e+00
3.109220101872439468e+00
3.163878138779654403e+00
3.172047063637514874e+00
3.159778077378205374e+00
3.174673477572155456e+00
3.171357233864214198e+00
3.179698290788587567e+00
3.178776768994324708e+00
3.196318184326725653e+00
3.187568697369119963e+00
3.198324464640850184e+00
3.188186090086734481e+00
3.165801261919312992e+00
3.150747043292699612e+00
3.159632082101499151e+00
3.133959900608489502e+00
3.190390339029702371e+00
3.166470366880052900e+00
3.169060029815144119e+00
3.204391326638431625e+00
3.180457078509182800e+00
3.142474232893570196e+00
3.168704752830616922e+00
3.187696590483041881e+00
3.171185711633058180e+00
3.192856971706973024e+00
3.170823013570019278e+00
3.196125706797347643e+00
3.165863922743019643e+00
3.140400227008095957e+00
3.179845822378720044e+00
3.198678742924660590e+00
3.197926872836300394e+00
3.184518156738302075e+00
3.165085748442107327e+00
3.153367764928863171e+00
3.192932430757663198e+00
3.138701358206329672e+00
3.161327640520813720e+00
3.195573912200446731e+00
3.191411054662268043e+00
3.203573926021479057e+00
3.186178188376329601e+00
3.176169254587271951e+00
3.181563854226239663e+00
3.164412666750032521e+00
3.179815170809873859e+00
3.202841101706204174e+00
3.195484279784067461e+00
3.170353304839762743e+00
3.188930091101939368e+00
3.210014038992194063e+00
3.196217152606375844e+00
3.186047452001046665e+00
3.195090782946257590e+00
3.184120906768605153e+00
3.169487974316739010e+00
3.205430507769261972e+00
3.167008793137882083e+00
3.178377067882762752e+00
3.142481228379454095e+00
3.188627268794313352e+00
3.184748802667954237e+00
3.184202670523934575e+00
3.196794933718029696e+00
3.164262908245533357e+00
3.165005523194645232e+00
3.146047387694724140e+00
3.167282819718858722e+00
3.162991735529833370e+00
3.199475564374996583e+00
3.186484792518874176e+00
3.181692010450174024e+00
3.158638801141604446e+00
3.173229194573194079e+00
3.147108911177024293e+00
3.183306533035972663e+00
3.183592298977647506e+00
3.178146765081808933e+00
3.176547257179819006e+00
3.172289531695910103e+00
3.165250817585012921e+00
3.167801056182570463e+00
3.183574016971849829e+00
3.184379087214531001e+00
3.170939610884358828e+00
3.174952182990985250e+00
3.160131653405863439e+00
3.180043222851677509e+00
3.182094059922011109e+00
3.174465104242506275e+00
3.190291574479315884e+00
3.171057162088640524e+00
3.168474660427477385e+00
3.167576717612090142e+00
3.146606054112247364e+00
3.196687929476668799e+00
3.179620163945210631e+00
3.157116410636333637e+00
3.173313775833420447e+00
3.171488914563604933e+00
3.188519007678003447e+00
3.203003440954883985e+00
3.200451171164612418e+00
3.158754637675684318e+00
3.156638969216592372e+00
3.167738218764704072e+00
3.175898734477924812e+00
3.179310369349565235e+00
3.171502381885707766e+00
3.167590110735345021e+00
3.163709945733929718e+00
3.178701998520882199e+00
3.157957711221839769e+00
3.183523370467148172e+00
3.198928257073543335e+00
3.162654763907655653e+00
3.179823185757590043e+00
3.170385770042930762e+00
3.174234013812631705e+00
3.200844821038271171e+00
3.180174469466202414e+00
3.176620565502939808e+00
3.142863487954712376e+00
3.144774282226098894e+00
3.194090282889187726e+00
3.154380156228159038e+00
3.185057570214435696e+00
3.148326821864512404e+00
3.202476274006739398e+00
3.182304503476935054e+00
3.108564171580967539e+00
3.181339920032303592e+00
3.171568684836005403e+00
3.148862788179974448e+00
3.159958190468717287e+00
3.116477994861834411e+00
3.160924877901802432e+00
3.200240400135743624e+00
3.180105692559010322e+00
3.137787074912559149e+00
3.189236131424862286e+00
3.182545911598229971e+00
3.207748586810328817e+00
3.182000803165676572e+00
3.163156940939813921e+00
3.159927623672400543e+00
3.198489626949060138e+00
3.192905860341078039e+00
3.200322437497205907e+00
3.192477955207963181e+00
3.178147964354650412e+00
3.186561585216425296e+00
3.173524342402185283e+00
3.188747777691697483e+00
3.184982822574789818e+00
3.152686612160827018e+00
3.187849973995078301e+00
3.180585954791523839e+00
3.157010530428372874e+00
3.198978163675588959e+00
3.195010328875980576e+00
3.195737974835012540e+00
3.159490452467224042e+00
3.143085447889051309e+00
3.203638392524618350e+00
3.145582320684634947e+00
3.181182551197284880e+00
3.202760104053178569e+00
3.174382752803462271e+00
3.159490254214194049e+00
3.192852755871618431e+00
3.191849288168857601e+00
3.190914032906392084e+00
3.175072877525374260e+00
3.168044359620679984e+00
3.156885697634062016e+00
3.178571856794328188e+00
3.169240204318221288e+00
3.149859973695340098e+00
3.179583729199124686e+00
3.200234504247879030e+00
3.182399286327398880e+00
3.177952493810617618e+00
3.195579470113131038e+00
3.164415743106826717e+00
3.180448586888784401e+00
3.191015909975376541e+00
3.111730859617093170e+00
3.195960687079213436e+00
3.197421941317119209e+00
3.185572378023284745e+00
3.176968783577977629e+00
3.187801519685052654e+00
3.193722655693576051e+00
3.201909042607267164e+00
3.167889277335790510e+00
3.154894662461699362e+00
3.142400227451353167e+00
3.185579685461499277e+00
3.157809110147540732e+00
3.186761310129146541e+00
3.177914030806801016e+00
3.178372877343273561e+00
3.158722994156186292e+00
3.183408763074604853e+00
3.188815295926806570e+00
3.198092196572772661e+00
3.132239321683258471e+00
3.169947211882391702e+00
3.173564869775786335e+00
3.178987755423613670e+00
3.175074533054023540e+00
3.183006929469741397e+00
3.191447829582180873e+00
3.151430176764225877e+00
3.160523594520573631e+00
3.179061213368493011e+00
3.182185702138550454e+00
3.186699914881736539e+00
3.179300329464934904e+00
3.159195220593027376e+00
3.169154548257545834e+00
3.167062744418736475e+00
3.154198082851954688e+00
3.179045072450411347e+00
3.181016681516990907e+00
3.179007046475783138e+00
3.147051323549492352e+00
3.132817794225192021e+00
3.190897958913071708e+00
3.179668374399591269e+00
3.146366366621945243e+00
3.177017662026940137e+00
3.180504834980773854e+00
3.188069034836568338e+00
3.205828916623457481e+00
3.128888941853760652e+00
3.181651150308808518e+00
3.187243119192716634e+00
3.183193405007427756e+00
3.189924684890179662e+00
3.175988731785530650e+00
3.192677373654591033e+00
3.160542840301013623e+00
3.145047644242176865e+00
3.184454801962175896e+00
3.191081773762233453e+00
3.175711092941228220e+00
3.152436518738467974e+00
3.155415505917521735e+00
3.206377827531403213e+00
3.156652993377332628e+00
3.185442185974367124e+00
3.164962233521782409e+00
3.169091810834296474e+00
3.152136543879976660e+00
3.188043532910292743e+00
3.154823933594181007e+00
3.158642162252782715e+00
3.134159172497511747e+00
3.167392789700173683e+00
3.185214965444073343e+00
3.131846109293273894e+00
3.174377162155766374e+00
3.191283661573512731e+00
3.204114100315673674e+00
3.170391240391090992e+00
3.197369558066124995e+00
3.176741191141361664e+00
3.183353238040977029e+00
3.179115341453040422e+00
3.184351792335504694e+00
3.174360857334105557e+00
3.181727263310408560e+00
3.108215564124977792e+00
3.189108836138052183e+00
3.166416189210072396e+00
3.199640207394419456e+00
3.157741224092140531e+00
2.831888899890666611e+00
3.138393482757685149e+00
3.100509763727907320e+00
3.155938873511310305e+00
3.177067810694854000e+00
3.181618070717275870e+00
3.166552147621988667e+00
3.195615465047600967e+00
3.152923610033413038e+00
3.195841871737887807e+00
3.174361761550675176e+00
3.188728229812423987e+00
3.166402575973024103e+00
3.145623451971244045e+00
3.170199442432551251e+00
3.175239356915499744e+00
3.165857481258659067e+00
3.197514422265320455e+00
3.195258540446232587e+00
3.178652594024804490e+00
3.181429110875271693e+00
3.164770269636999256e+00
3.150701863754637788e+00
3.136404453693973249e+00
3.171671248307128099e+00
3.174861979833004444e+00
3.197007935816805091e+00
3.163404113581085753e+00
3.173270263064207342e+00
3.189120477303962531e+00
3.180062013592134917e+00
3.193724528334244805e+00
3.195742801108221620e+00
3.173474419669850111e+00
3.155061006185523986e+00
3.155461746062572903e+00
3.148249146513245389e+00
3.183493597290677712e+00
3.174923398606832592e+00
3.192436398149801846e+00
3.178727357812579424e+00
3.178083973161284437e+00
3.164400724402835152e+00
3.177697847476607773e+00
3.125901379384828260e+00
3.160028097448414286e+00
3.184921732638697378e+00
3.180039553851307765e+00
3.152955246372042275e+00
3.180665105185142227e+00
3.167816727037426894e+00
3.176581043586573561e+00
3.176825137173170166e+00
3.165925781150615403e+00
3.161252131607285687e+00
3.197225337686499191e+00
3.183286984771941608e+00
3.184889855104045875e+00
3.180085857436338870e+00
3.170741647894767645e+00
3.206856970405441931e+00
3.170370102862380080e+00
3.163521253330861871e+00
3.188294128429415064e+00
3.120048383331019526e+00
3.159440654928086012e+00
3.190667816630146980e+00
3.148396220050842853e+00
3.164676361947589278e+00
3.155773425398269882e+00
3.180653888669475293e+00
3.204951366750043551e+00
3.163579031828548604e+00
3.145241690056607808e+00
3.190258597428479614e+00
3.159541015383291462e+00
3.176057704525023784e+00
3.175479829530780673e+00
3.185997040327864571e+00
3.181875382195154867e+00
3.184867251560372203e+00
3.187641446320478966e+00
3.181290516566432025e+00
3.189810650465578767e+00
3.183062625399234680e+00
3.140057917109499996e+00
3.186736303627493605e+00
3.164163743817157926e+00
3.184841734272363389e+00
3.174676967378219583e+00
3.155037226091122804e+00
3.141417258769279908e+00
3.187891214828424857e+00
3.183436818675289715e+00
3.182670313379815763e+00
3.197336138091904978e+00
3.196595257311203753e+00
3.176918281677661327e+00
3.171050357258337282e+00
3.184896897451338749e+00
3.171812226013299707e+00
3.146509628548849413e+00
3.149533909709416601e+00
3.167225484179341688e+00
3.177142958042439957e+00
3.160591773383385927e+00
3.190480503104032195e+00
3.174934457577132996e+00
3.180911916417608953e+00
3.186648634325843776e+00
3.183763498202797582e+00
3.160062625141845771e+00
3.175107848884478834e+00
3.192827670450609556e+00
3.200887835423436911e+00
3.211997580851249978e+00
3.208622795330185351e+00
3.193330597024516049e+00
3.133229127781162582e+00
3.073776096875254105e+00
3.196863036815987602e+00
3.186032038577517600e+00
3.168995013088435897e+00
3.173753600487522863e+00
3.197320645552976792e+00
3.130010184484004920e+00
3.199101343900633054e+00
3.191200537625092259e+00
3.189124167431935053e+00
3.171300645622892489e+00
3.182930113467290933e+00
3.136349831986187553e+00
3.188953029627086266e+00
3.177426659033091294e+00
3.139783406888562833e+00
3.169621040386479294e+00
3.165895264927848896e+00
3.160305329764740989e+00
3.176396466300691834e+00
3.193215500609490221e+00
3.163408803167432115e+00
3.126851671809660171e+00
3.161156333175924260e+00
3.190148851483602055e+00
2.982857408123408050e+00
3.187460788986998139e+00
3.168339889045982627e+00
3.201786532078467751e+00
3.192259413120116296e+00
3.200896031274262032e+00
3.192606095984197090e+00
3.150629088623467133e+00
3.172708529631624863e+00
3.148233577175080899e+00
3.190918097057483749e+00
3.082302101968682262e+00
3.184153988088475273e+00
3.164219652488960310e+00
3.147006939233574663e+00
3.190884117444417356e+00
3.176807147016980082e+00
3.185566368564185069e+00
3.182645528664734158e+00
3.125368843072979796e+00
3.167557578103316285e+00
3.186496660139750858e+00
3.146985570027962975e+00
3.148253677032201381e+00
3.148032371187596823e+00
3.180208697527596939e+00
3.149816008466443940e+00
3.178903138528428318e+00
3.149051613603198962e+00
3.174314863565115719e+00
3.175462169081453290e+00
3.136276465621219867e+00
3.163723733457423748e+00
3.167984415705406231e+00
3.192497962931878597e+00
3.192500736906231484e+00
3.182392704581526566e+00
3.195951887043961381e+00
3.203119979883751522e+00
3.193704201158098499e+00
3.143740458736740351e+00
3.192899557969356206e+00
3.139978937108835577e+00
3.172384464670717996e+00
3.189612985513299748e+00
3.137464240092502799e+00
3.146063554833702369e+00
3.188295770263719131e+00
3.163705740545290190e+00
3.195205238621984911e+00
3.195603157753871493e+00
3.184971043965217685e+00
3.179976526976993512e+00
3.210608617427159306e+00
3.176247143324531397e+00
3.191495632754419720e+00
3.194848112191684741e+00
3.178440131828949688e+00
3.193900316651238303e+00
3.116259339663537187e+00
3.139894374264301735e+00
3.184522858314105864e+00
3.174986314876216742e+00
3.180520967480803041e+00
3.169415060973944431e+00
3.167416283249585796e+00
3.174928165696093263e+00
3.185991778008282260e+00
3.174679357866327489e+00
3.198260546965063345e+00
3.185264231974526350e+00
3.181249416877674374e+00
3.178206776171322190e+00
3.169081399964190471e+00
3.184862347946614047e+00
3.185297219064270990e+00
3.183380405895213983e+00
3.169310287603063880e+00
3.152369982817473382e+00
3.177793292194475150e+00
3.176795294006256043e+00
3.177339770599390434e+00
3.167871612559267636e+00
3.189218720061054668e+00
3.186143717980435497e+00
3.183820696666850303e+00
3.157580863437205121e+00
3.166874005824684701e+00
3.193122196796298606e+00
3.159185417059906076e+00
3.145394321954416927e+00
3.179014790443863703e+00
3.198616076054442203e+00
3.142378353962001380e+00
3.174916780919226245e+00
3.040549029743017329e+00
3.190340327696752798e+00
3.167380524064893343e+00
3.188993234598608506e+00
3.166254578299019684e+00
3.182338129647376945e+00
3.188576696337997785e+00
3.154379370060052423e+00
3.186993027076499896e+00
3.146849228913714658e+00
3.148361249796677086e+00
3.179614428969096185e+00
3.194490853564791344e+00
3.164333688581458581e+00
3.198458323424850924e+00
3.199314632675004155e+00
3.187661394065335774e+00
3.156197423506326594e+00
3.185903418671120590e+00
3.188241488859773209e+00
3.192519625812659800e+00
3.181305594059175679e+00
3.183355569427553267e+00
3.153446095225930890e+00
3.147648473317589346e+00
3.164867567570325946e+00
3.189222046011693568e+00
3.189151946259587422e+00
3.168621906649266240e+00
3.195765635485774858e+00
3.166673704254034938e+00
3.131503482062967247e+00
3.196704318749902907e+00
3.208718032084793670e+00
3.188397727956807870e+00
3.144549075160522289e+00
3.193580930161595610e+00
3.170490980723321250e+00
3.165582831641812867e+00
3.100143269047313410e+00
3.184092303257564982e+00
3.183754873649573547e+00
3.174584582467631311e+00
3.154847675035462373e+00
3.189428180402909430e+00
3.202892566420426412e+00
3.204496218716434530e+00
3.181361480409845122e+00
3.207167945843449441e+00
3.188899454338604667e+00
3.204071006881320738e+00
3.119691134753167283e+00
3.189546810377469122e+00
3.181753346425838291e+00
3.184500369383100882e+00
3.186079097925848203e+00
3.178062998086949253e+00
3.192274471051077978e+00
3.204689382951215748e+00
3.187649673141386586e+00
3.172799175734698718e+00
3.171992990910008192e+00
3.140996672571144011e+00
3.182511731321564952e+00
3.157635325339935406e+00
3.187322652705609105e+00
3.186444998303176401e+00
3.162780293917527352e+00
3.161988406618796432e+00
3.188874599374604379e+00
3.182318089675423067e+00
3.118951637669650889e+00
3.166760837741024570e+00
3.174955060261427153e+00
3.162042008138850946e+00
3.174920473600920889e+00
3.178772685864128089e+00
3.175520427195547057e+00
3.183906067064111944e+00
3.150927041441460741e+00
3.188267796510767305e+00
3.190307934595749906e+00
3.166207763172242284e+00
3.187420994639708294e+00
3.169568506184496925e+00
3.157997969979697395e+00
3.172843644196101653e+00
3.202110913295167727e+00
3.181458138067091657e+00
3.187018179068491275e+00
3.184326375486043581e+00
3.165983550226122212e+00
3.163783481284267562e+00
3.184485468715508194e+00
3.156845480581167429e+00
3.137027348767824630e+00
3.191979262762363767e+00
3.189396699866652085e+00
3.196105769368083660e+00
3.193068523528482583e+00
3.184995470444877075e+00
3.148294325743916211e+00
3.053545328475381737e+00
3.165634562365851501e+00
3.190188870809412158e+00
3.197227417843890862e+00
3.170147420468103050e+00
3.190684280952051477e+00
3.140224253759014594e+00
3.196270006255617968e+00
3.203990869742006087e+00
3.144012207245799662e+00
3.160734765478851127e+00
3.210079032797708454e+00
3.201018121061069976e+00
3.186149903253328475e+00
3.178484811726842274e+00
3.145001960608886371e+00
3.163932554832766808e+00
3.185466911658680900e+00
3.169019817271477635e+00
3.144276232428311335e+00
3.152617754276973550e+00
3.177828397384579340e+00
3.200182607716607119e+00
3.199402781184039757e+00
3.188710331668928255e+00
3.181799077627639694e+00
3.185305151559300718e+00
3.167502926637627336e+00
3.179920131133599615e+00
3.184660132405992883e+00
3.191191931148895211e+00
3.171546633908456148e+00
3.169651011715241662e+00
3.202867626333866014e+00
3.142008116322165368e+00
3.182226518911094093e+00
3.177817313579810232e+00
3.163646871060465937e+00
3.200137794773371791e+00
3.179556825874146231e+00
3.178991085714189424e+00
3.182060639346200315e+00
3.192898919894527676e+00
3.204922176291103320e+00
3.181079468490279005e+00
3.175249692071024477e+00
3.172431494485690617e+00
3.186815767517670039e+00
3.192673283826361619e+00
3.174473357787118033e+00
3.131967546585704198e+00
3.189179069377895637e+00
3.180859422752418730e+00
3.199017690768521938e+00
3.158675087837989448e+00
3.162943628789317341e+00
3.185221993227553394e+00
3.180453334129905496e+00
3.190099303585574475e+00
3.185814557946643699e+00
3.155478416084124049e+00
3.162423065991363469e+00
3.167110546224073619e+00
3.185302707469580774e+00
3.178706082483750528e+00
3.110011027779650217e+00
3.172188787306532642e+00
3.191221268883758455e+00
3.190765748509708288e+00
3.189880608364507264e+00
3.185829036261766944e+00
3.185452775330289921e+00
3.193746996297294416e+00
3.192067954348517755e+00
3.179291511215282195e+00
3.165553984256133546e+00
3.178519426923633873e+00
3.185793597277619238e+00
3.194277831691068936e+00
3.129436337537171209e+00
2.921915663521443385e+00
3.183713957502909864e+00
3.168225293500209983e+00
3.200164374394017130e+00
3.209498143181243712e+00
3.198436831900877575e+00
3.160947042394808726e+00
3.190086167286167562e+00
3.121452218274851642e+00
3.197539926654942022e+00
3.177604483499862464e+00
3.191163107120225995e+00
3.191538790221871036e+00
3.162149549555455685e+00
3.182579208976706209e+00
3.199491645537726914e+00
3.183839428183791842e+00
3.179453218315781537e+00
3.185062277391429220e+00
3.190115986249555391e+00
3.181653364383253191e+00
3.165158857240943480e+00
3.184085154003298168e+00
3.177808170799461429e+00
3.189218206660472177e+00
3.176575307652698132e+00
3.145715480575082879e+00
3.184772600796717423e+00
3.186594467042241252e+00
3.182552101313634640e+00
3.194871955126200369e+00
3.187110598802046280e+00
3.147226498445271581e+00
3.132062600379462047e+00
3.164067360818177299e+00
3.161493699145091263e+00
3.174988972139696219e+00
3.191470919526512517e+00
3.161539189601281219e+00
3.146843039827850408e+00
3.176503106822365474e+00
3.171000154072382227e+00
3.156036471310458058e+00
3.161140618526999901e+00
3.197872192667848612e+00
3.173647636170348285e+00
3.179140375435886234e+00
3.197233452047484992e+00
3.173979070930929236e+00
3.175900263736413542e+00
3.184427924485524031e+00
3.187033609343738139e+00
3.170355064089823038e+00
3.174620751817767594e+00
3.191566865373931083e+00
3.176597461087112606e+00
3.187947135133684995e+00
3.173034133757221209e+00
3.179626924447345182e+00
3.196129571383123036e+00
3.164521750555683077e+00
3.155297716819690290e+00
3.135051478286472904e+00
3.167798134396318854e+00
3.193667528719704496e+00
3.188200353528702014e+00
3.164572279849521941e+00
3.000816831086057679e+00
3.155991799708303347e+00
3.181315368184653991e+00
3.187994918336483963e+00
3.179035436247782176e+00
3.162655352949965248e+00
3.159627984182519889e+00
3.185959919354938830e+00
3.164869182156848204e+00
3.165054678830124146e+00
3.190265909566318836e+00
3.170275587666746109e+00
3.168129432929846612e+00
3.193210467738589298e+00
3.183388202384942467e+00
3.075836534837895986e+00
3.112651246031589380e+00
3.148510561556453258e+00
3.176853171713529989e+00
3.173974884436698840e+00
3.180235059360162708e+00
3.176871079181905255e+00
3.188226034569501710e+00
3.147385191277097594e+00
3.139814939699374641e+00
3.178443002208490409e+00
3.162924550880212848e+00
3.154703429967832040e+00
3.179277265519270035e+00
3.177727065845953103e+00
3.104702603164184893e+00
3.182071122440828681e+00
3.173563893158501514e+00
3.189364613112606328e+00
3.169498112766349962e+00
3.189838960897506848e+00
3.172267118056144142e+00
3.149081300639116510e+00
3.179630347679857305e+00
3.188939724975695000e+00
3.208554358144279917e+00
3.173294142382474536e+00
3.166491068110267371e+00
3.168901027021092887e+00
3.153852135888082664e+00
3.172724456162871132e+00
3.160071646642778731e+00
3.125160272318113996e+00
3.177490007825937823e+00
3.179302490128313341e+00
